Alice: 87.66666666666667
Bob: 79.0
Charlie: 95.0
Pinky: 72.33333333333333
Bablu: 95.33333333333333
